6103.003567058908
6297.227953725617
6171.398656312884
4122.924551652001
5139.618033495448
6083.850075775282
4031.857162819391
3384.717391257769
5424.483818102952
2614.1092159814275
5150.813322529161
4538.780344691067
3538.0023534376855
3391.9909037635475
4971.537384101843
5947.28232843246
3402.713288665718
4919.008910797232
4987.885058376189
4528.2189469522245
6060.321917542303
4796.234955559886
5518.987097886267
4855.520407079171
5835.091046749576
6580.998563692487
4123.510898542804
4709.162130326933
3726.9018064035745
6104.454072406305
5126.0958827208515
3776.191190070431
3888.497735323962
2889.67669766723
4992.360193309521
4202.391907529331
4431.444252077858
5673.294675684503
5795.552488527626
5012.648785078879
6506.206476265743
5376.355208935104
6106.29792449936
5944.139829950164
4976.600206437651
5660.697973131389
5021.579937275627
4453.58636674684
5787.6286500610995
5110.5045734315545
3660.6565604869784
5216.766953275406
4916.754797293043
5695.184135066276
5260.062417460008
5397.784785283676
2610.5147329054203
4813.568387134438
3891.566646565424
4483.275977736488
5443.773524553307
5700.313223739122
5106.325123150814
4002.744285262609
4812.772803384635
5468.7122516096615
4510.596575751965
4251.757500349774
4950.510723664857
6268.883814270761
6092.229604049169
3252.8797573077463
5890.389039632082
6135.174516644261
5039.332083648019
2941.2532774699343
3236.532192956073
5132.198923232183
5029.637635765837
4826.148431709523
6315.281358524742
4593.483201687535
5005.754016118497
4296.674605832205
5023.009756041204
3483.734322574685
4949.799068212145
6161.059911745953
4967.1786602897255
5407.285802018163
6061.519956608291
5442.2345068521545
5339.090745577628
3805.2351438793066
6091.752251047192
4147.897430792332
5195.650212373322
4926.801852906463
4449.283110693272
4946.498279763644
4042.6809017279925
5815.462763596042
4532.689254520305
4936.77401133143
4487.934153265725
4220.577263763431
4310.703372258508
5440.3166619720605
6430.658287241481
4663.231646467781
6184.466331980372
6204.650422777133
4162.5879043259365
5851.721661191594
5521.324297357052
4635.826311315591
5245.772665656439
4780.551892823775
5534.065417123885
5908.282614000492
5121.63235703261
4360.110897867398
3989.4379747370826
5830.506363270283
3536.927791723974
4806.9843345944255
5528.303593295715
3648.0350678315
4906.624184471296
4104.147675929161
5132.605915174775
6149.952894059871
4397.7422652809155
5461.117710376723
5759.817976079898
5704.048731487698
5760.230530040827
4589.233188755243
5352.769913478779
5957.318592907133
4265.005447376305
6338.099748353485
5635.214815697159
6754.569115922544
5953.673303307954
5030.376536876978
6519.526712597316
6302.356760877669
5065.911415972841
4277.949969834526
4091.26976446619
4311.331149113987
4405.044749877005
4348.311919368443
6009.418623975765
5900.806257681184
3957.6078820121875
5845.518333861257
3410.1129220117955
4068.7708064125163
5317.447188416914
5076.275401142112
5278.609215122514
4583.846753233941
4431.724275952894
5189.94580943171
5521.583887801939
6126.511499801974
4821.597765025144
6198.942775861564
4953.485063681982
5104.583204706241
4892.4504358300355
5998.104647031814
4357.0667910869415
5837.115675484301
5755.883598663622
6500.938028678839
5388.168267366493
3981.015191622679
5367.905303689955
3617.2752509690913
5266.076491070834
4481.53395986596
4988.540692266035
5354.827974313314
5164.512627460913
5337.70210929692
5774.970735150536
7004.122083061068
6037.741076996805
4868.2454626248755
5958.027747272864
5463.046242911992
4076.7973201904347
4434.757082382075
4500.960413460748
3926.739969212532
5864.155324152396
3841.4855195178343
