488.2422635949558
436.99761206816777
473.35554463196604
487.923019690954
516.7238513016878
499.6643797724444
435.9406422003983
479.5865787747957
433.1996699619522
476.99126070634856
494.4153880324092
507.0334385290058
492.44354522441597
484.7038019549733
500.7269770823152
456.97293593390606
526.3500453393484
450.4559064988017
481.61514651163543
466.3141588206798
470.7889257252921
502.43422939878593
455.3128525752678
486.4573593290717
510.4616643651499
511.3244769093225
475.12730425544294
485.8047830905948
497.9566446031833
502.98959053917014
436.7392203129265
458.0131144362396
477.4768999249345
452.7538964090497
519.0024852080841
485.5871006302134
471.9437064812204
501.37972812362824
464.6404540397681
423.6833654824105
513.117264832964
456.68862235554843
498.1067571286169
467.0694754434455
485.82032741959927
482.68320375077025
481.38350974250005
460.4326404658546
515.3828768541986
477.0746877525682
448.8198599286236
471.06344512591613
463.3769852366737
494.800255480455
523.127334071076
453.0819261899895
509.4312289355751
499.39478786933705
472.1224194393279
475.8068906014041
458.8852950125633
517.7153595090417
516.6157234469746
519.2090455934272
458.2686632981892
501.2140848473395
450.38187456911714
523.9762549411845
480.4357836589002
495.3656409096176
463.79597275381286
478.4099099684017
509.908236129352
482.46521147678254
452.52916483385695
522.54216013596
497.6167000838629
502.7219478991583
494.2822268873631
479.223175218154
514.1511168683342
460.2139537199491
507.36563219723377
519.2168722965879
466.17298947081696
475.6608085424795
472.8133227051947
436.6594391082215
510.95339676461145
479.17921086379124
512.6809156010243
460.61769380724684
507.30409730385225
515.6100752900606
516.0161477971973
453.1168097230511
525.1047551167412
442.9399807541107
522.5955842846305
484.3604904790297
491.32843113540713
501.7321614269792
491.349666112391
457.14256434196795
481.0995480705473
430.30453115665927
515.5806659497666
507.3027388279273
471.9797013766948
514.6128261875093
456.0158317245714
515.5519622354268
486.69720325638286
516.4542967524576
502.5719521828431
537.0515412416605
473.7694790732091
479.4986073160374
505.2112540858959
487.3860511305764
473.09629167484684
479.29903071584954
488.1357469407532
484.52808680939995
448.71154368558433
495.9871846831222
452.0158268250378
462.4218651554719
495.410984913333
473.57317230530134
501.0694594755812
441.494172216787
483.92279935688646
505.7314636550847
461.9021968288436
477.30394477823836
508.0952329443896
513.5129424189049
523.1580960497414
489.5429279105606
508.88216560022
491.632114743056
451.7398464663159
502.0652249408392
479.2331926608005
501.13107255806347
483.12307841212015
499.68339504885876
473.19891665206274
460.02748630670885
456.3540569166008
473.879251648063
477.7152567742774
517.30910812759
484.5417071243631
524.7290413152086
472.27675424159173
450.2984674734957
429.64868771256886
495.4072629367137
491.7291956236323
470.2816058197079
487.766438795164
520.8444668359339
487.77831113943364
483.1752532311863
445.8504939500862
465.10531699158923
512.0271639158545
532.2523249599521
437.50082491516775
449.3383947339555
468.6532804836963
510.47174428184104
507.51820992688266
460.1085454173016
471.1135718603848
421.38510397917446
516.1346034949491
476.46902731413724
537.5632168922922
494.6103622521985
501.86695444070176
432.4853839544646
492.39836353297727
503.58967353754
477.2654942390677
480.1312804000969
482.1044319876344
525.1353769482328
510.0565019293776
496.20226185555055
461.10204482352276
501.5439246386198
460.00509036914997
437.8338153940776
431.2542680584771
491.94387839363594
431.7352661024728
450.3367939239347
