405.5930398470915
402.16064106855544
449.98941201383485
394.2339863687682
437.4344526848675
431.7805186682047
408.7563172721119
410.0590508033268
380.22357747283456
378.3991806784507
428.9905284849512
426.7100821398782
377.268387112718
419.66039045672
433.8163270361461
410.47127574668065
450.5796080853
381.61663860814116
370.8425374500637
421.9116573785248
403.7250807235765
432.78903551136574
417.18462565271625
371.4749734243361
398.6162881457864
412.048867574596
362.7048664028807
372.57707895998686
394.21020526281836
430.2364436081922
426.5139129567491
418.86867299177106
382.29436600269395
383.1969932825311
438.48365707119643
432.50516199809783
405.0457091934041
429.7662154078906
419.3656244102461
373.37895595003846
442.3131756642411
433.92121589026794
419.68849408442526
433.78604082697484
387.9282013329327
380.9681639191722
419.83291210332806
375.13261524093497
433.8337398099848
434.62439984252933
429.52561756749304
384.9739121359071
418.15951512259807
408.15997986015134
445.5239239492948
382.20398778900704
386.88817304200575
381.6174944262153
365.4354731126453
418.93312222438163
419.22209913171656
412.67598923267104
416.83298673805393
408.1892680335462
392.13488021144093
434.38318919739254
394.5709086642761
447.5626223339374
427.39106553340247
424.365738252433
447.9140241358877
440.14683360699286
406.68161538402285
430.09597763408146
397.4097316285946
428.63367522028386
394.07194541194167
405.9142631861369
403.3737182853854
370.86580602298613
407.379840797508
385.9064930491837
390.9394943342125
398.75014841560085
382.11689291716635
435.05785490402224
416.71183657383614
387.54915175961986
401.0050332820683
464.93939535968354
441.58529386667897
410.3614634205723
416.6756887043701
414.038508490584
386.1527467999292
407.7478950099225
416.2852324741026
374.15890398825644
399.65546598057284
377.3369912974433
411.98032230143514
398.64160682137026
423.80456766687973
420.0755295802185
432.4348497674917
384.3783432974363
395.74700422032817
396.86616506079037
358.2079242217648
462.0750685616133
421.0313251148097
434.35580399128605
424.21196200603407
422.79215448406654
426.4374119701171
440.88407404401994
382.9942214113672
441.42831403972036
441.07441807581824
362.57019935017286
448.73169294945865
427.7349575633974
448.3251416093407
374.02542998898485
377.0735708244038
451.42026390606225
378.13350886558163
375.7760822169849
439.14530223292695
447.3734981531864
426.2039070613854
385.80719208669785
376.84817167187214
445.3765600775229
400.06191762897544
422.9401394113723
378.08871146149704
410.5692166711312
404.70854073257146
388.07256256224207
439.6206138752351
441.85209786538786
398.6719873325718
379.59744300466383
440.1861603079017
411.05189925296537
419.2530668768884
396.2196759482279
381.25557182000006
426.94362916957976
379.4011876596455
410.5922644706893
401.66719704501935
399.8450480628299
394.39801098808505
414.2748863381599
369.6496170712914
394.8440731099796
380.0446722308681
443.630455141732
388.16033062099
380.58144357096745
372.099285550432
437.46582496801767
374.1219459387889
434.91431477354655
406.72677449969024
378.733250787261
388.9957925118267
405.32992643953395
402.1523403131041
421.36024098216444
431.5969732378961
431.61648989170016
395.1293867365274
433.3493845562483
425.7815945732001
365.5418560416492
448.0571936710365
447.4297269018781
453.2784264347998
418.4893139357275
382.13131042607483
426.05871039391326
424.6143876119237
450.4939950948542
401.7821852739459
423.6193299192909
425.5260464027016
406.52573011861233
445.6940938315984
396.88212834528815
437.04841807189814
391.18510884052097
404.403938584578
381.10580280789463
414.41435948035127
394.5801234715584
371.0690870206672
408.74135900679323
