2.0722704312912836
2.075765438505449
2.041577162740329
2.089409306577286
2.1678618811838257
2.0964909981917765
2.000191322648253
2.1631537050496656
2.0965642553265837
2.1085925144965736
2.1934057449683273
2.2185542125907394
1.9726741742643212
2.072538860103627
2.1320067513547127
2.2125264396909543
2.0650583154511253
2.1401910762592884
2.077418461325393
2.124138175188296
2.125549100184214
2.160069813456371
2.0211377321150366
2.0670998588979663
1.9893956561978325
2.059990506130711
2.010285963178262
2.000817725505206
1.9881918691596867
2.1249656906581196
2.004497045545659
2.0523253738801444
2.059990506130711
1.9754019513535794
2.0283289949629832
2.10299413790384
1.9899808788793814
2.120178801745614
2.056178369003558
2.1271881231996455
1.933657953486737
2.0348219973104964
2.1173917262918294
2.083025942352257
2.083007863354684
2.0011310740853525
2.0280547574784515
2.050020500205002
2.1994844408470655
2.139604943343261
2.0348580023002745
2.0446443652268225
2.050294618422343
2.0927251641481304
1.968049149888335
2.142795920116568
2.0098650878059807
2.1628542755303317
2.0328975861550838
2.033886314597998
2.0494359595815586
2.114556075383924
2.177700348432056
2.109667551555001
2.0780120351530367
2.1296419539464924
2.0995538448079785
2.1268299599447023
2.187207461002091
2.2231312358831166
2.0443899273797146
2.1245330453410762
2.0740254240949905
2.1384885163166674
2.054727212628532
1.9336239628744198
2.1010978236128377
2.1309466730595066
2.100564526716555
2.084056964223689
2.0777601745318544
2.0270955099834453
2.058460271716756
2.1820911415828017
1.9471558825272395
2.075711579875976
1.9304341721947282
2.1161222060574
2.1197106594949786
2.2075639972802814
2.1379581644346386
2.128508713582546
2.1589878664881903
2.081815342979078
1.9623568759278536
2.0688848710545016
2.1579628830384117
2.0633354265721717
1.9411821799475877
2.0471740097908326
2.1019442984760905
2.0916855499389926
2.1613396847902204
1.9639655025189993
2.0981038386558146
2.064928535516771
2.0404542228530875
2.0397304008513655
2.018095590461135
2.204211739970836
2.0434091171584177
2.1820911415828017
1.9645358570501212
2.173648425409081
2.0177901834507574
1.9772359960111416
2.173232727146285
2.157311127410795
2.00395563416483
1.9912213112625206
1.9384797032363799
2.1253985122210417
2.1133271694624223
2.0893547376118677
2.109908658537657
2.222439527420459
2.0316585400325065
2.088482021650597
2.207174199016483
2.0352361316355334
1.9793800237525605
1.9737914818025009
1.9943983420479872
2.1219221077759607
2.016908415550364
2.109945756811169
1.9743167147369864
2.0233699226061006
1.9730126187024442
2.1380861563197553
2.1054293760033684
2.102128405010072
1.9777120451262296
2.027181120186501
2.0090575008998903
2.0931266952145893
2.145904327001485
2.056343820686819
2.024786764643849
2.156659765355417
1.9647036714332087
2.202061129216947
2.1560087965158896
2.0109428808432552
2.0636316327812367
2.168219111550537
2.016010483254513
2.10004987618456
2.043300196334497
1.9297737778830384
2.0425743541468697
2.168538838530598
2.06678408396535
2.147821679252902
2.1179522931245973
2.181691247054717
2.0347139899856685
2.0546721457923884
1.935733643050716
1.9278459826318601
2.0004696754890277
1.9814092126913565
2.095960037028627
2.075514122144006
2.1514629948364887
2.144854922013075
2.1520185934406473
2.0266675674078076
1.9458694498496376
1.9839387221709466
1.9758431695960688
2.1013553742163698
2.0329694612630926
2.116010262649774
2.139733132483717
1.9844864925495476
2.0332952090481635
2.076358067948818
2.0847086619644903
2.006840709200056
2.155804287463567
2.1085184143941524
2.035704486515671
2.139019131387111
2.1698563555092654
2.0627987694956906
2.029919244517011
2.106593638087213
2.0194710668697353
2.155878649902554
