3900.6372529122737
3675.459977506599
3559.8005620460176
3313.9803988496406
2840.979423597737
3988.0786849344604
2995.7634458033704
3401.623467637061
3361.711587505343
2444.6200431836282
2976.2987052343105
2524.8704798750664
3139.998753350369
2669.6817668082967
2652.582936029943
5137.156747862226
2464.7434866174112
2865.111172377216
3142.688359540993
2651.9508929413328
4048.0217507770976
2733.226687675084
3258.90720835807
3533.0308623686683
4426.682343179437
5563.346077451245
2847.467696867151
2579.611614480919
3265.1098731036845
3520.517230956911
3117.509734943741
3145.352204364284
3738.273638861281
2362.531245714818
3430.7750843183926
2324.214089191432
2793.0762282401115
3411.788965133829
4464.725588727897
4033.80261662306
4932.648856551144
3516.572706041796
4520.471790344895
4118.357338706817
2605.009911891005
4163.805255358412
2460.8338932204724
3719.3996591398204
3413.4842987961597
3075.3363068078893
2028.4625983332587
3452.006313748815
3226.5533389598836
3510.4494135443124
3330.870742759328
3208.2488407527617
2556.249383445506
4028.8450429338395
2694.8027079182957
2755.128395333575
2702.4800437847057
3229.817613569571
3282.5755619819734
2436.3793873008126
2900.2624082581665
4242.697220062272
2839.615609888959
2685.8455429251644
2744.4379391100647
4607.18071660924
3297.0388569757824
2361.978810612059
4326.107280300089
3527.654688324368
2607.7741891771893
2925.5419114752012
2175.324042470697
3213.6406130131113
2449.3524001072083
3680.7374868986526
3225.661231277511
2911.1730874790364
4016.35059154232
2879.220357689063
2843.944518811783
2800.534715428327
3730.7813929720487
3448.022214457794
2810.851746154533
3403.9120723139913
3865.3194521002993
2880.185026491262
3875.7115361560964
2698.8340925198245
3307.9845385658464
2687.2959841609622
2911.585342412456
2288.3768174140932
3072.057336668088
3299.0144819910247
2359.658890253217
3455.7607975541496
2312.4105688215654
3746.812635236759
2733.9144405204834
3105.4877963295507
2133.4615174893534
3711.8977639899376
5120.512910361649
3151.867533789963
3535.1744613158116
3376.836334670409
2964.7683774091797
4166.782764294455
4373.08659446806
3495.3552467711706
3308.3708177873377
3211.2724683889355
3553.24384057018
3843.070806968004
3309.192886929235
2133.285735618572
3388.1603968645873
3550.2770189537864
2782.367917575947
2809.9749320914666
4537.966423421387
3447.091679910955
2516.2814069237315
3467.012546447738
3423.7761844000743
3242.427662389222
3340.0342771017745
2900.237596879182
3206.5453183187615
3734.1373843911115
3804.812472134048
1948.0154291867084
2892.8472431880687
4481.513771461597
2114.1120864280942
5098.899220499734
3370.783878735601
4505.288740436425
3646.27343853736
4120.285426466344
3771.3264291431533
4435.998914646987
3225.5825274006174
2974.0153723998137
2734.6262686035443
2575.8165060490855
2980.498582131451
2693.4647101895234
5050.034808451836
3963.6386842156685
4030.791837326623
3736.31078736302
2458.9333664492465
2998.843665874731
3084.725904280544
3343.702550100182
2457.4920188929013
2416.35890820532
2972.3385025205175
3374.4304519923635
4197.526287610872
2551.057692435433
3158.6360018961695
4286.999471852029
3047.192620682449
3397.4918202074555
2773.5694351250495
4286.044621820522
3660.313752648896
3630.8241256598476
4183.333251714068
5421.007403953637
4318.425186485222
3291.8533906400644
3015.4728059406093
2563.985586510807
3200.3952953204234
3341.4054171194634
2619.9803030340454
3989.767537916607
3128.9478521728547
3033.1685835496573
3321.2864647035667
4300.1802861901315
4429.68440957191
3397.542848475656
3613.262772398246
3036.2594440319835
2233.2952173102462
2851.0851242711037
2769.284609563251
2672.9483775656954
4206.736171531348
2514.129851153691
