0.0
0.0
0.0
0.0
0.0
0.0
2469.115553108745
0.0
0.0
3921.79989905259
6296.218942252077
0.0
5728.142401165519
0.0
2545.766114800197
0.0
0.0
0.0
10740.72015316306
0.0
0.0
0.0
6630.5937463227765
0.0
0.0
2935.298669689408
2613.101279051841
10591.62773895395
2521.4274052684254
2902.0487372166854
6673.971835684349
2475.968580175868
3927.4973900805708
6241.177173767583
2596.269607244412
0.0
2375.332322588119
4896.326196385876
10962.617906838877
0.0
2800.4412233839635
2888.966156604833
0.0
0.0
8037.085393634048
4577.8423156555145
0.0
0.0
0.0
2999.20829722153
4002.7399400493155
0.0
4582.578040262525
4960.5190274754195
4549.029279051693
0.0
5911.1827203462
4197.0733283047575
2553.298715439602
0.0
0.0
4848.065592733764
0.0
2645.6778614564773
4420.2584596657225
0.0
2388.448186594717
0.0
6370.24644150615
0.0
0.0
2883.758149112284
13169.876539101244
0.0
0.0
0.0
0.0
3883.5720568659026
4933.679174868071
2402.034645482076
13514.304037915534
0.0
4320.069694469983
0.0
2669.44096541894
5651.399390790539
2510.2288616805477
0.0
0.0
0.0
6110.0080084747415
0.0
2753.176667065366
0.0
0.0
2551.776986801513
0.0
0.0
6378.687865625096
0.0
2616.6450855043827
0.0
0.0
2589.361459378035
2751.4252850039506
7923.363949360417
0.0
0.0
0.0
0.0
0.0
0.0
6043.583492539156
2537.2720230838027
0.0
2609.413431355356
5041.173902947621
6581.006067131467
0.0
0.0
4526.8020871997005
0.0
4088.455150537968
18562.81781570565
2322.1638269691207
6244.203351430019
0.0
2481.602005605541
4343.230137234111
0.0
0.0
16005.240475409031
2436.142787820435
2797.625184426896
10923.236803786536
0.0
0.0
0.0
0.0
0.0
0.0
0.0
0.0
2622.221305161239
0.0
0.0
0.0
0.0
0.0
6222.861499679709
42921.85901812687
0.0
2692.7209501758252
0.0
7039.256931810486
0.0
4099.6810642288765
2817.4912360369844
0.0
11840.322234600178
12946.88216153493
6172.690890973817
0.0
0.0
0.0
3021.344553038551
2740.7781253179764
0.0
0.0
0.0
2717.3945317184866
0.0
0.0
0.0
0.0
0.0
6316.089331350159
0.0
10746.945136372779
6018.351342092334
18805.01382662364
0.0
0.0
4268.749553756597
6628.523993819771
5826.493814125779
2571.9514504254103
0.0
4789.658858779017
0.0
0.0
6265.057777223742
0.0
10961.027905399298
4667.738287352296
2320.07685813129
2964.309355248505
0.0
0.0
6883.577526125263
