3020.1874314959077
3492.778022904801
3040.8570611464997
2661.9856611151445
3262.2044118211847
3270.5423135911306
2928.4406143028186
2933.2350166128285
3620.844867826399
1450.0946871268604
3330.406116807852
2580.0817052686293
2879.2645833907263
2040.6100495284793
3368.895560845795
3071.5057025095325
1966.9156021616957
2752.212474449083
2746.603259744035
3433.471816399985
3670.217464698896
3407.7312373982127
2743.293706397119
3372.6439246754508
3939.8073308281464
3011.6101642772273
3543.499971884586
2701.5296153129716
2087.0338137973663
4226.574624152219
3432.464803758828
2798.96821898662
2892.5600310014597
2742.00791828034
3273.7331164577504
3468.114207072206
2833.856160735057
2790.039641618558
3484.994952118847
3611.9483526654585
3835.7486023556526
2872.965297625472
3702.1336298568017
3037.8604120957657
2745.774735995368
3825.5090466731517
2638.5480026965524
2966.5679062414347
2849.2032563157877
2762.4875189595823
3509.2029506103854
2801.173033515078
2656.6768446753763
2842.365987356671
2770.6796138970626
2725.9946562337
1508.7617153109209
2776.742194835448
2750.2277708390384
2726.303363606152
2719.653090552468
2750.8001412532585
2717.598747216459
2683.570584815593
2728.7071447582994
3730.12956716914
3577.3801971378075
1974.258198024598
3399.2138672660226
3899.623535594907
2806.5251358593064
2801.0609485186005
3917.2666691503414
4159.5365454751045
2748.526593422594
2074.65399892656
2765.9166619966204
3279.8178240511947
2792.3018061685298
3328.468045272462
3503.0429708238753
3498.6845271108164
2765.2564562058033
2051.2135551824126
2775.836730491851
2223.969432201498
3567.4055360895723
2815.1821291176034
3345.540382498206
2853.52967028301
3490.422763749225
2721.6648647402767
2857.796146497399
2751.857971816328
3500.572917164556
3445.2880182705544
3360.440341218297
2701.1885089634693
2666.367087545653
2042.5294964744205
2661.030662040475
2715.9302581277175
2656.1499126288663
2762.7054957814184
3592.095289598796
3613.9954344652588
2609.4170762250365
2886.072190067837
4161.614705064315
2724.33115833672
4138.76846077931
2981.6899081630168
2611.0174419123064
3422.6320640444146
2838.0309176113988
3615.722621097088
2820.539108572582
2714.587743494341
2736.7029187887383
3173.2282604485413
2647.200176729863
2083.2692107469848
2883.891257426082
2945.9602010472186
3695.934640228119
3382.06572491676
2801.6403216017943
2905.769635057425
3248.225387424874
2799.505219883124
2628.075314558079
2905.199734087524
2768.4362805099895
2681.5440143874007
2787.263201785475
2818.520583470222
2994.318210623252
2693.620357443473
2764.4071432283463
4029.5261663532633
2536.2650517740803
2831.6173237659305
2887.9488234737796
3602.5977650911523
4026.7163587955292
3521.568372887536
3431.61367869709
3449.63331382725
3519.3280534747114
3497.3258670885566
2778.213263071216
2648.951168020065
2745.796132249879
3497.3395396521255
3076.1560212676377
2752.340992040462
3738.082932277248
3396.072624729552
1989.796224156641
2722.95723091683
3429.02744894228
3544.4324723912546
2763.203547146926
3430.8628100068513
2751.6489908103
2652.520402970882
3679.4572272604255
3242.7486077657513
2691.0828215265174
3246.057961079963
3370.2730036144267
3405.4105867102753
2641.5156564592853
3966.1490846965653
2836.1366333084884
2953.797242185102
3788.0309650534887
4387.514171279024
3522.979672503809
2815.9232452334836
2790.118619113988
2709.0540628384797
2755.2184514217533
3486.0156253395726
2742.0697089376954
3373.609677214112
3377.094470087027
3625.589984126857
2823.1074424486246
3695.9168411465744
4026.437708669076
3479.30543114788
2982.8319050786354
2865.02669662319
2611.930656732952
3697.2021612280973
2635.985556102196
2777.1518327775593
2795.9857201776404
2064.83690624939
