12.541770830702927
13.541640544674875
12.021958990828
11.96222279849092
12.028228485873141
10.6026832302285
17.61641514340601
16.051499260454484
11.917050613895952
16.140497595651265
13.448203404076486
10.876622007875012
14.652384801940178
13.23837452869711
13.524751976209876
11.66156298502454
13.039783960224453
13.192722293195727
11.148926182372962
12.663004738144158
13.812732828261689
12.790629181147288
13.175783413618891
10.51878655278327
11.19726550989653
14.38848920863309
13.459962880599262
11.602293554841857
15.629832083782588
10.658028348676979
11.516572936894224
14.695879275451164
17.384036773923942
13.307555176136791
14.50733752620545
12.375409726403104
14.22248993967991
12.80902827195325
14.569325708161335
14.78047633444187
15.188641245972075
10.731232918056975
14.189014364290422
12.089157536834152
14.177019805883884
11.61255827165032
12.318284214878124
11.550849029560057
13.074743952930922
13.088456149476881
13.589691966982079
11.617726293103448
13.590261990050587
12.344745924974177
14.72778698264464
12.866786979479981
16.22168521568988
14.952705767712235
14.14675796487586
13.94664986347406
15.040735324838105
15.367819952972788
12.199605601791504
12.935741285174299
14.333132166566084
10.92877799448517
14.457790815940555
11.862396204033212
12.298888080118468
12.925318516777734
15.04098668872678
14.390896921017402
11.779355837512202
10.957887993526414
10.881757152662683
13.935761177991573
13.598247337009896
13.799486726408345
10.789110525655502
13.638200431034479
14.492632213854282
11.999160897839312
15.002933534489985
14.253733220421408
15.5446509595671
17.608719236899866
15.80267558528428
14.537448635748676
12.192066805845512
10.793714543902805
13.238667026443604
13.402130938819273
15.74051592052714
12.571026298587018
12.898657022180634
13.106600349509344
13.482280431432972
10.588769181639412
12.229034743860351
13.42890235509375
13.467281198504379
15.527819978009251
10.690542210937762
15.288978494623658
14.15766105386613
14.834432645809066
11.677826412050846
17.220089544465633
12.121110795312056
14.031608929816748
11.271491537969787
12.536072759702835
13.64245061935052
14.147705392870893
15.105488049138737
15.421492867559552
11.491360509981547
11.743981209630064
12.853794389696802
10.46475319217169
11.988296739686293
14.377183743751777
15.476120763934782
12.147309161584346
15.611361042100315
12.353460229421405
13.723160343413719
15.527038028653678
13.189748726938808
12.938240903324456
11.959021534601714
12.94835791279197
13.678053856288127
14.071883873453556
13.413703775119258
12.844250946637974
11.342631490505797
12.396485132650826
12.226167347759095
11.144161883614727
12.042916575432452
15.218780479601786
11.763717334677759
13.94117990800491
10.28338306444815
12.102697649572649
13.451482185193282
10.54122885429492
14.246327380603205
12.168615043765053
14.339141664011269
12.311557788944723
14.43364718124297
13.357864757920204
11.661367316291518
16.36907247490354
17.47491638795987
14.717012866874107
12.533963676741505
12.325493648597662
12.556356128597313
14.130198491664016
11.203679524222691
12.831157068457996
13.731548232063167
12.303647272972428
12.181905249981096
10.758562723261191
12.190336236191943
11.263059685811065
12.246781025877619
12.473629575059437
12.219581668942036
11.773709307117207
12.199841822740506
11.949727579636996
12.148734018130938
11.11454668527448
12.02924030720829
13.734653200006699
11.729025988170442
12.245445700674338
11.883740198006546
13.318925439147588
11.53932988268348
14.271323035594358
12.728719172633253
11.618479233013199
13.36673616248571
13.991169645026432
11.501297044082708
13.139276329088334
11.80133581077688
11.396966395709379
11.433663732586783
15.6105749055812
12.672143942127745
13.248253829835402
16.500268024658265
13.572386058981232
