12.17686618852917
12.81237117996368
11.77024482109228
11.481892215837169
11.668872027647966
10.351677251489802
16.071627182738293
14.41622663649317
11.5776344711482
15.644747317844478
13.294084132561009
10.453643402185762
13.91644543803269
12.60520606165396
12.818431673281127
11.274271776925698
12.376099633176866
12.591568685608118
10.993058190665387
12.050276431109799
13.27051214140344
12.221868773962399
12.908466730096197
10.145910525401213
10.96033693299729
13.987027171611349
12.857997394857918
11.427806920233907
14.68494126023496
10.545168471620105
11.303713520466403
13.625948254766302
17.127395464308627
12.936322069811531
13.99334340556723
11.742864811666815
13.14229470057938
12.523341495868415
14.383034708827173
13.91932382272707
14.99116691466181
10.52855590775193
13.81492457496825
11.606041837548894
13.841911969905006
11.443499812996468
11.935170829103969
11.202327408918393
12.63162601444253
12.639255514294662
13.050898504166248
11.243308553305031
13.221609800727471
12.056329852254141
14.35152868909675
12.419108720107818
15.865416731612815
14.28515627179742
13.40445139490072
13.201651041927777
14.439748893324262
14.948433482259894
11.699638374813869
12.258862600439091
13.916367660373561
10.577180012469936
13.345096375047465
11.337488550812056
12.059560830993073
12.528805065216908
14.445305833337981
13.851111719269241
11.732433474308765
10.702818408847664
10.550466397601863
13.245625310880976
13.05745279228606
13.08776600188241
10.592865983519731
12.858500587018506
14.43639313991551
11.403655877913803
14.245889641841574
13.484824000757826
14.806156243911943
17.44014353293847
14.64390712856456
13.981651171729215
11.723394871852127
10.439578843942254
12.932283885928337
12.899551028613551
15.147380672610526
11.979117334061366
12.33320869909761
12.427506213753109
12.888323513658273
10.212680465876812
11.902433572685867
12.796546045310903
12.765814492558874
14.932384819301367
10.346756152125279
14.376943394964728
13.570112246607472
14.4973598077427
11.172560192168035
16.653484978445157
11.816904862767833
13.374944271065537
11.063306699446832
12.223301296004824
13.317740013093909
13.356856241269348
14.322256340524188
14.511276936557813
11.202764463270539
11.470071506104317
12.300807623161141
10.147246583667394
11.792914191179348
13.629359308852408
14.491138111693234
11.962654262599736
14.093486795745111
12.161853064731183
13.22987607457854
14.397964194830125
12.897128721127388
12.318703247455435
11.441711456781027
12.884729086020906
12.837042122242126
13.727448759228363
13.281324114531891
12.331213034259566
10.94189629761958
11.915284008905696
11.839408476346314
10.915206664958847
11.523315134699725
14.781265164741383
11.38894936942067
13.524870734517364
10.031214449432031
11.63109304315247
12.853973274912954
10.265050293167606
13.42738071360121
11.794430345783631
14.12389953608852
11.76602420439265
13.814616755793224
12.662888254194929
11.421532948883044
16.084353498346886
16.496867824419827
14.799154334038054
12.081934445762139
12.000312566280796
12.425059617999064
13.66966283358162
10.8975075444283
12.208038352193546
13.030041484533784
11.887421099335308
11.939898789829885
10.47826595845479
11.611808315841186
10.934266093175568
11.9424307869169
11.949299235021499
11.826595335189143
11.51539205437948
11.761558099867331
11.55611134062057
12.005606338960147
10.94189629761958
11.865317453210352
13.198636697779063
11.647542034251575
11.812822484481739
11.477218278862976
12.898326567760884
11.350864734596652
13.80323708172852
12.187281621243885
11.296970510432923
13.104625096193526
13.430224134279948
11.282016911855056
12.75901070308278
11.425435034640351
11.267417084081707
11.064728662676659
14.088522885463663
12.191370969996923
12.633744395872233
15.999108063661955
13.24879341345699
