11.76870862127626
11.721235529855662
11.340972195064724
10.65075559025261
10.877872176634332
9.996258383733462
14.133920291393391
12.969443543788646
10.857945609528128
13.894236402899374
12.676606913497515
9.793716351588822
12.969735428530075
11.569351836844195
11.819803746654774
10.934022102344677
11.314371492264778
11.500605735787538
10.592507902347165
11.020794056603243
12.13158012433472
11.234510628070627
12.3648814985565
9.492645991311436
10.404372073770354
13.509892367469073
11.909797199528063
10.932192518141305
13.367712778750374
10.235929791589758
10.896046132183011
12.303546873173259
14.910011405046035
12.102756305145624
13.03919593490475
10.831816506795011
11.945097207414888
11.99555885355933
13.771570349307241
12.464318107204265
13.966869028607043
10.18221692597752
13.009564542515593
11.294405652766573
13.055850025107405
11.100079206595344
11.24352245086525
10.839684419909261
11.89545403775271
12.06110962208523
12.240583096867521
10.70963979724577
12.48154236202045
11.679384218371114
13.429475748930098
11.511063410944965
14.01271751813
13.514419103357382
12.342933392638722
11.930047552946554
13.332961423670193
13.99423437543732
10.729553773505826
11.262893783105659
13.087693113088807
9.776427079027046
12.178158640068377
10.561137250081025
11.543802316567868
11.51674400402527
13.265260623355779
12.740979775781012
11.41075951128552
10.064389853315689
9.933312871452886
12.013119443932254
12.058101154688211
12.566602995878155
10.224149104967934
11.95330391554488
14.105237335949955
10.531653469594728
13.440935176767816
12.231630213802193
13.684380336769264
14.996097669751368
13.525171847605264
12.905748924520925
10.802623812546633
9.712477184051442
12.407710665601018
11.89166857417219
13.996620736188795
11.020670750468517
11.279685955674184
11.39308372799571
11.756538874955211
9.527973007812937
11.342493001737692
11.807822125185194
11.705294137319822
13.53853727853023
9.776154005150639
13.21755425053121
12.667863075957172
13.495351910819144
10.38392612897283
14.840851396211676
11.047442628621804
12.311411559296236
10.642032126679183
11.563728995352164
12.482794362680902
12.53911476088916
12.819941139748506
13.372499650300744
10.862444497947896
11.016418377846374
11.476706742286652
9.491797969871918
11.31475174762502
12.28672754181676
13.62747835800056
11.756839583217252
12.724776479255265
11.640987469148586
12.52194134812115
12.889186474723802
12.19315290436448
11.287186249748551
10.535518145748807
12.60183228410998
11.766739720832705
12.759934918759889
12.753389716740502
11.864852612786061
10.325562185000587
11.077340992841478
11.261010146058643
10.326772576557667
10.723141880571006
13.779329889430638
10.625396366225704
12.74864023782616
9.455021511572609
10.73141285757403
12.051150438527975
9.889980946420888
12.146470837326438
11.235267616287802
13.104113576419289
10.920801898882289
12.796584597159049
11.57058054130194
11.257666134587918
14.400375079536955
15.018955149714975
14.834892112410557
11.370857161967828
11.363383168824221
11.937767414357673
13.084705371410754
10.205731940594832
11.160963414361927
11.872227946776576
11.515545987082564
11.512856022558523
9.971653613884127
10.682924100900498
10.639131846841297
11.381642080831975
10.946846358777304
11.067140653296667
10.851902143668056
11.232187761944678
10.856669576701808
11.608308870310633
10.611027650104155
11.495279123233857
12.322206176714934
11.22641614816635
11.14958371152273
10.698302274649505
12.296906298686848
10.88060351080807
13.055995714955253
11.2467686522902
10.52519608776222
12.485647079807809
12.335618120520664
10.738375149610174
12.208855043539343
10.652732145460256
10.945562579578706
10.453468091766915
12.871165232184628
11.468852275588132
11.616467593390286
14.215710869165289
13.355685945794917
