4898.350039303762
5565.454066372681
6084.311414274337
4194.99320535832
5229.831078850482
4940.958764149198
3181.5449641027185
3679.8783753663974
5427.481271014632
2766.855161765442
5326.425967868638
3568.458470035482
3828.0404275048977
3571.4779319709933
4665.44739134965
4796.29508166
3574.8555356150628
5018.709824228356
3938.8567300405307
4698.416927920192
6231.80453117448
4836.6350242697
4392.033517779658
3827.7085901258947
5799.764709962179
6510.090433531467
4297.368124622495
4705.865744003257
2991.1621840184316
4928.214553693941
4045.342001171535
4038.377394690175
4233.269489986557
3205.421188047303
5239.107595726134
4319.783878334085
3894.319935373161
4551.143957241576
5889.547389052339
5182.779046733093
6637.842388455459
4252.022411018549
6223.534108885994
4767.2033218674105
5147.898828740316
5726.474525945714
3997.0625432323036
4484.307095890795
4619.429052087552
4014.4217857958097
3925.296822616071
4121.791970975724
5069.172753644892
4514.957534330163
4149.972396725422
5406.395683111223
2788.095249665212
4793.31572614983
4123.388295729968
3509.491883690698
5577.97702934416
4542.024972746885
4034.807047895831
4148.991064408729
3756.9410725379735
5411.450310316874
3972.5673101063358
3346.6643907228954
5036.1011851629855
6360.639512704309
6165.093078061755
3470.0660723862375
5950.683616259347
5989.228130660075
3987.5638049302543
3162.0818276463665
3440.010028641007
4888.690983751768
4015.9120289189455
4304.023519910985
6427.18958281112
3575.2521247914515
4853.307273607128
3325.397575527824
5251.238439843507
3736.0222588952347
4835.67628796897
6189.834115429179
5004.264069003327
4287.2166154693705
5368.176041811832
5524.337963748201
5518.1148964559425
3917.397354810698
5540.177905139752
4361.550894561016
5329.76309871115
3907.700269277118
3492.036489001091
3841.4240044804765
4236.3821609136185
5992.246495358139
3586.034504944535
5185.632465739716
4664.201068767197
4449.833646472364
4343.6007109432485
5713.3651270693135
6400.890449511848
3629.7134396543765
6069.2668444326155
6221.214493162453
4363.897472344551
5226.315158236054
5623.845402158557
4881.971226068425
4153.855371834849
3749.279504265821
4391.053297066316
4755.989462900499
5260.3874240268515
3448.50776197013
4298.4471988845335
4670.8389279160465
3865.025573999602
4971.849170119728
4363.181123054753
3913.3672598175344
5110.767333073118
4205.474192514993
4043.2360827030047
6204.120698752
4164.51430503134
5539.4096961100595
5811.70613122086
4524.831538290488
4593.837798878109
3634.835567945044
4290.230941685446
5938.9194026689975
3352.0114889775114
6372.760226587921
4513.816342107187
6072.1528681541195
4829.359835848454
5094.94765078282
5892.119324558439
5166.768069838656
5260.253812757209
4361.077539511362
3203.7750296200525
3383.3530221908422
3455.601610336827
4498.554564434506
4848.1985009054015
6135.5139435335905
4300.310067403523
6021.684496441081
3567.9488531033962
4246.045828288074
5404.393140353654
5265.403612871151
5245.801154891562
4740.0375893330465
3437.2325903600727
4062.3053908497363
5579.88532931409
4985.828441139716
3773.847791947301
5034.666311553912
5036.45015342802
5117.738066847825
3896.154171661962
6073.757903868031
4417.509708970082
4682.036252111681
5847.251301720272
5271.079959266237
5310.239448270691
4184.970895270178
5368.562911860884
3748.0247723586617
4202.223240752415
4679.648617613629
3974.9543556430804
4809.701067835188
4777.675883394616
5406.1994694644545
4637.975915106537
6279.18217087352
6075.681227039586
5039.280728890154
4762.617811550955
4370.85632911814
3237.176298320537
3749.0216948922516
3511.0219722570205
4057.879600919557
6105.236320749509
3986.523235780709
