5535.472688194698
NaN
NaN
5277.028811274414
NaN
NaN
11079.186983933032
13895.01356852101
3519.06651565866
16054.338910094495
NaN
NaN
13080.55539647753
NaN
NaN
3513.982271581292
NaN
5152.17516925062
NaN
6620.999408785723
5387.562060822899
5302.058620416994
5525.802339323106
7135.6365582447015
NaN
7512.821939434371
8445.123827287844
7007.6488827732055
11244.32594014093
NaN
5602.526934572715
10976.861315561042
9127.016108908172
NaN
NaN
10222.629849456012
12675.357811487323
7668.758801247425
5552.347532536789
NaN
NaN
3730.5430891436067
5501.398272060828
3345.6883261717035
5022.659114862616
NaN
6782.20808965336
5638.386071993881
NaN
NaN
11204.349779588014
5648.629521887512
NaN
3438.5156736898816
NaN
5446.657030562393
14468.668128875624
NaN
11122.895056778469
8440.448339173074
10926.85841862748
10889.372542179659
NaN
11461.715635911023
NaN
NaN
12340.499818912538
NaN
5203.846220562198
NaN
NaN
8460.927919553314
NaN
NaN
5536.722268755212
10282.362853911896
10247.647317901428
NaN
NaN
NaN
10952.915569105748
NaN
NaN
8736.266018208184
6632.988060621405
12183.812635025943
6302.2396584185435
9077.010251196101
NaN
NaN
3350.7483826705175
5535.866694353363
NaN
NaN
3338.3194129695185
9525.695773859406
NaN
NaN
NaN
NaN
9748.522303831458
12519.777434217836
8614.503665521353
6648.837425040332
6749.391711072109
8256.073139650027
10178.544134521348
10576.791072855956
3177.629716847992
6915.2563602961945
3028.750862971229
9410.234913682456
8162.972105491712
4870.847704570141
3272.411057545581
NaN
NaN
NaN
5330.35863270901
3365.3780781311734
5204.218172550019
10009.79991701554
8004.116272901993
3388.4286130986457
12129.428147074335
6667.37992126284
3410.7612011575725
11646.452383439393
6494.234013571518
7375.733152007407
5391.893393319902
NaN
NaN
NaN
11022.698239487056
3676.9832799715405
3525.043019120136
8620.299072353095
7325.297361546834
NaN
8781.92860746179
11093.251712079902
3681.170478351387
3202.372500540913
3546.595078205396
5299.184797698621
8506.922184664794
NaN
NaN
NaN
10050.818486667768
8906.226700828622
8422.260728703955
8467.299685519223
5655.614415465558
14215.365601676556
7775.663277583769
10992.233383881938
NaN
NaN
NaN
3550.3205730634477
NaN
NaN
NaN
NaN
NaN
NaN
7116.2147396698965
3499.5279754324965
5129.149465816036
5227.6036785433225
6885.746015870223
NaN
9700.84949430812
5567.42505304128
NaN
NaN
3760.9563496567243
10240.253779161318
5404.875731378011
8779.79009384257
5302.083598990104
6651.429568632152
7065.991070487579
6624.632306194815
6540.590882192879
3641.981779101824
7476.265785701624
3099.717624469662
3058.102185679758
4947.023454098554
3145.729243588774
3619.4841059991163
10399.108002801562
11782.911926168492
7066.206764395896
7241.86940182009
13971.286419133376
9124.122947059956
