2861.2375243477627
3239.2220744748797
4015.1805523673324
2705.285245167189
3323.663857627816
4300.719914556138
2842.8418782804697
2956.6946815151287
3573.597582329591
2934.9714651221634
3120.07270750424
3425.3943775835974
2824.5661312565912
2029.4202980840564
3294.182327351093
2951.544094759029
2054.016169320449
3367.9403156167436
3580.1079150512055
3258.92275192366
3482.8012700320437
2758.063210338786
3422.507524325031
3492.4780784129835
3902.8680939252768
3969.2586652831546
2720.1570460867792
3381.9900621511483
3637.8875404391165
4261.149481244543
3595.8978271957612
3592.622055132124
3673.971215229639
2763.7078997451968
3137.350976285834
2638.5312604639025
2673.75928106757
3399.086807108071
3383.0827438562114
2806.5230145156397
3702.8872014365625
3805.191361573203
3593.6902767020856
2912.4955833312833
3408.182634986186
4581.3768863995265
3301.205289680047
2904.678214205115
3633.2746138598927
2746.756996242393
2717.8682532744815
3628.2062305493064
2558.9584751482735
3757.541589451512
2729.7330264950538
3256.9971639207743
2917.4426623663844
2760.194471032011
2716.5224850899936
3578.808663369331
2681.4094800749035
2695.4479874090207
3481.093612223894
2655.9246047692454
3535.6125837695226
3683.660858044178
2741.67758825173
3508.7161314505183
3359.803335946213
3791.6243555008245
3466.682165555731
2045.0667411491079
4742.132464757966
4177.380155355215
3561.440773144384
2034.9038561036732
2742.5784054858423
3275.1964214342415
3550.061700288488
3260.027085936309
3649.575191688655
2743.41041760949
3331.3500007389985
2775.1124447068123
2731.032333426314
3762.4967788471436
3372.9628127284973
3450.7910712126977
3432.581432672715
3742.1410604242983
3246.1924689027746
3214.9095359061544
2749.1278147209773
2714.434023259626
3267.1956286693253
3262.192643169291
3342.3217082012034
3470.427432064948
3503.949886698122
3587.9368815961093
2708.1659118419298
2654.646900152285
3422.8966836882473
2729.3395992044557
2734.9821882869005
2866.848554038879
3393.2385330012253
2778.992484093297
4122.0146192897555
2084.857147146466
4151.249574801164
3845.122253301004
3423.860559338015
2976.0973472227874
3579.8303177287344
2743.1822628738278
3636.7279015863273
3533.883564303156
2715.2676004317177
4182.509239470703
3318.0802551392894
2788.8330490512053
3472.8373479947722
2775.6758045735774
2847.5794729992235
3244.567209579472
3580.8953353448505
2920.7302569028566
3025.2777936571974
2721.951429286651
3466.9630714291266
3794.167279052013
3389.4359157699164
2602.34518235482
3264.34493065301
3605.243365624244
2869.817255731461
2625.6556768787723
2717.429935895227
4953.902159995046
2720.0056844423943
3550.697774098466
2722.6667401076793
3271.309080370641
4189.244188207114
3443.2327670240948
4965.374166175119
4570.905775272689
3362.235549634122
3401.552016356931
3574.901042929149
3535.966065133619
3544.04019265605
2767.3330584570494
4018.968790983549
2708.41217214576
2935.5142762050027
3234.910981858243
2697.682822985046
3337.995240532887
3442.6237399603842
3317.2852640036076
3577.04526750786
3227.451989150288
2024.1407255005486
3608.899669873724
3576.1299275886167
4240.137641052244
3534.7148862747194
4297.881467314424
3392.457601072213
3502.8636910890723
3254.72100869093
4503.530555879747
2802.9388688526856
2798.911647186225
3649.4021646194797
4445.53790198679
3636.9475337443755
2687.6258737910957
3544.2820431033024
2685.058602440109
3401.7464181279906
3299.4603285810936
3413.649461898451
3288.557435655043
3202.3910863746983
3493.736868595126
3404.71725456224
4227.236892993229
4319.796739720325
3288.393728515543
3918.7018887498584
3698.9223039910958
3415.970053199218
2847.076084890272
3559.5874058429213
2018.9240598344552
2722.590066011114
2740.238707640945
