2716.973212331667
3167.9414300357994
3838.3847000197666
2568.489278402101
2433.920409408046
4143.6183794880635
2863.5961027490143
3661.6770498944115
3441.900864892727
2774.8085259141926
3053.451643639073
3383.395438340264
2785.099062176245
2024.167585258388
3166.8767886869396
2793.49672617231
2014.4587339844747
3379.90914751388
2510.956006082729
3246.2004759945316
3333.516014847665
2661.304316974619
2652.4029904139397
3413.3381331598002
3750.6001689283667
3781.075641286496
2717.910394591483
3240.5427778570315
2920.5144927769966
4115.912483326872
3484.044369384591
3495.53027179696
2871.130847439763
2733.702142692876
2551.335768192895
2611.977345082342
2790.716516616339
2607.0988417048843
2623.347936348145
2673.8988380955357
3527.9259104587795
3667.7520216668686
3430.00881139871
3804.443811881012
3236.552713197303
4431.254753517197
2532.008310012319
2799.130820900531
3367.0936286082815
2620.6975580506237
3378.7091420726083
3411.995186294234
2567.873395309931
3612.6326277356748
2570.979962863661
3127.5857235324047
1364.7334126371593
3315.1941126165148
3429.3601858265915
2760.461642844724
2602.1419009961587
2628.083689190836
3347.6190172473566
2644.554723271488
3399.5529156388016
3553.0963388991568
3400.0720834886615
3485.5251009206563
3212.269229105417
3609.6557742086216
2665.8004393284673
2083.119452109849
3642.2662597006056
4020.3134719351074
3444.5544119065826
2120.2452356840467
2039.16171398189
3101.5486395769326
2551.7935643145597
3144.435985523441
3401.663937579656
2729.2237174175903
3366.185680907555
2800.319762635244
2617.274979454189
2964.9264391421807
2685.277403121145
3315.5196633567725
3331.8564731781057
3607.656431636243
3172.446157130518
3107.9226946378258
2724.278675098797
2708.3383082879886
3165.255745094623
3313.437622496464
3179.133783945393
3360.6907618010364
3447.287643498744
3519.014481163067
3413.004450881118
2639.8211238717467
3342.869876702712
2618.60001970938
2742.722577319061
2662.2785098441705
3325.7448449598446
2731.7282557136787
3945.853940007501
2744.5819774288725
3987.534738648128
3660.501106574434
2591.4413719115096
2974.3522096705574
3475.7506444454652
2651.5300821025835
3466.486001784075
3456.8183944135935
2655.601877477734
4029.2033739405892
3199.3061943519247
2709.8951838664266
2785.344617550667
2648.572329904717
3538.641109003902
3130.6244545093796
2692.4707218163435
3676.7088076115856
2974.2745890664555
2646.2703380742073
2636.29980896775
3627.3562596821957
3332.6692891456532
2557.563829506626
3178.9726475179123
2715.3321664385016
2726.380605819384
2625.486614831139
2568.495517339413
4661.838198720136
2582.884605940394
2721.766207732848
2607.9820294504784
4063.8061238719274
4043.179220686873
3352.2657921208497
4798.520578566181
4410.130505938894
3244.7598151519746
2681.678205028988
2771.417156636357
3474.2262300220414
2728.752416157371
3473.3177395364396
2782.3084316076565
2549.4498270180534
3658.394541192336
3100.968663357604
2684.906716249564
3297.1579060645113
3292.2252096792677
3249.119345761639
3442.329897086324
3287.149557492258
2746.1226545451495
2694.322893195141
3442.904967038179
4085.9709384269777
2689.5333531000706
4128.829914172814
3275.408751526008
3415.095841777765
2497.8593601354946
4226.698687334108
2631.582389117742
2670.23205944894
3505.241125466755
4284.167472636655
3513.3120594658417
2586.6666182939643
2491.375622589064
2652.754298567278
3293.0647933559394
3245.7038283982083
3238.294106520611
3244.005418258467
3003.4092871296793
3369.0576136441605
3242.289834772906
4130.369893993225
4691.263720257813
3220.5964685387967
3752.9593225360713
2572.5576318413387
3366.9067360951494
3559.5266741506657
2692.797349837307
2009.6420899665866
2624.765017158711
2018.0320692350244
