12.53375280747651
13.539377021504208
12.012768817204302
11.953465663248986
12.016705741968554
10.596160153392034
17.603124973804874
16.07205638613116
11.906259170754206
16.153871907328668
13.44131187203871
10.869382046140103
14.654852946130783
13.230725428951844
13.523161563983031
11.653057460471823
13.0316711646951
13.18231051478182
11.1412679265514
12.650274368533488
13.802274008803156
12.780197420418045
13.166060077486875
10.512594087717087
11.187846465734065
14.376703054213543
13.448429475595304
11.591183980647763
15.63806656631544
10.64998448624307
11.507383204260252
14.702052406515948
17.36111111111111
13.295092522137582
14.500649595574364
12.360939431396789
14.238690710510667
12.7988144256111
14.559694748468724
14.776009134260192
15.167894344302818
10.723501223149361
14.178209183117023
12.081955934421826
14.16953131550264
11.601993205739232
12.307588555628614
11.542285203969874
13.06517414612765
13.080554414267866
13.582627651546913
11.608930464188973
13.583766560456148
12.336250954590847
14.719534327459458
12.856474988312295
16.22724839400428
14.952328951236927
14.143561332005456
13.936112160517148
15.03131524008351
15.357373637347791
12.188971082716881
12.920980652090014
14.325447356075328
10.920423712440043
14.476381741349734
11.85411867570158
12.286149470264995
12.915020840147266
15.027926897484495
14.380549470762336
11.769552168539986
10.949396940906949
10.874566062988832
13.923955074275073
13.587982184645579
13.805643477675265
10.78121709833649
13.6439436050331
14.478199012469663
11.990106066322895
15.00230482336672
14.242746671805229
15.536426621876968
17.606515245072675
15.794223826714802
14.524755052179973
12.181182575902952
10.786850155482334
13.23665795464126
13.392707670673321
15.731559348981213
12.56323494924453
12.893765485159529
13.096697281595784
13.472916091348045
10.582632723852077
12.21900473695663
13.419103771606853
13.457150260366603
15.510505223267435
10.683491062039957
15.281404545798036
14.150666923444055
14.831076551816597
11.666652677874486
17.185570794540663
12.112403100775195
14.02253681965506
11.261923771904023
12.526692784961242
13.635146891521112
14.144745101649665
15.09801125640617
15.418649862572902
11.483673762338617
11.734413912456208
12.845376923658161
10.458751191369846
11.978068325601015
14.367456041431732
15.481301098753965
12.137750916609468
15.628676099889084
12.342776536969552
13.714094577079063
15.530818180291808
13.185786056448515
12.930310663308143
11.950548294522104
12.938784426408564
13.67415249616201
14.06328478151683
13.403927350713758
12.836216588083294
11.335678839226489
12.385622567109854
12.216550916241317
11.134260626049107
12.032276792851313
15.204206777212171
11.754235722801539
13.930829676838119
10.276540006907183
12.090984659563212
13.444248382488865
10.535453909496237
14.24273325636077
12.157494047020156
14.328808446455506
12.302902480666866
14.426020515143128
13.345755797849568
11.652959767946816
16.337405117377973
17.45885890903016
14.70353472974903
12.523849949148127
12.311660901682595
12.547579748711557
14.126182754354874
11.194532354723588
12.819438625890237
13.722126929674102
12.295461627211711
12.17014704894917
10.751333417328127
12.181690751927377
11.25596398091526
12.234568521963563
12.46204929618695
12.20980798822506
11.764013881536378
12.191635697109321
11.940946591402517
12.13907190516455
11.105689141664845
12.018523654639738
13.72377327989762
11.718913489306491
12.23713215264565
11.874299667185122
13.311343106147497
11.53017061310429
14.2735997178865
12.720410400609243
11.607224871193207
13.3567426348905
13.977819627537139
11.490974971482252
13.13175527795549
11.792254173615675
11.388567887588136
11.425115091232906
15.625787590100309
12.663217128049444
13.239001931039136
16.468235630204088
13.562614068281901
