12.933785735882017
14.110613853450007
12.389291633879687
12.36827370655435
12.436034249510541
10.834691169306748
18.392342097563017
16.921607720274096
12.304138208115706
16.891182130641948
13.967181305722361
11.271301919485895
15.284134567200079
13.75908183297817
14.110532504619519
11.983675384860343
13.596421287631454
13.74420690059754
11.430684664391736
13.216448623147187
14.373371438177696
13.290091776860194
13.633664277290329
10.874202209972479
11.498401134732726
14.91824299974019
13.999966467146184
11.931269167751962
16.37262763966854
10.891512160792232
11.83541222488962
15.488300054418353
18.025268911860625
13.784871943582889
15.101051200953043
12.941720240346228
15.02106305489821
13.25058705132506
15.137244348762108
15.437407186784236
15.772473677587147
10.98652263978463
14.748891738106611
12.432064646736166
14.741479676022479
11.94034835757586
12.744407552738371
11.861797440880295
13.551835771827239
13.53657818845271
14.140721093102844
11.96292330343997
14.127481713688612
12.726828322671452
15.298189296283295
13.357191461478365
16.927847146568343
15.565970264789776
14.785114647287308
14.58361271288722
15.67687200295094
15.974708106118896
12.669698444395964
13.531117367735426
14.87532460983788
11.260409576390115
15.23739356848036
12.34723447146277
12.703506836492494
13.413816230717641
15.647488034273858
14.945800481960086
12.125907337858091
11.238687925120145
11.192970146510968
14.55138826973059
14.13939082791183
14.351272423863161
11.054443132427204
14.236305929840137
15.063265716007228
12.557134964086595
15.620013772485258
14.863457727318533
16.19874942297201
18.305175830450406
16.4593847885053
15.116650150326688
12.641801666038763
11.093369190688293
13.732698056488282
13.941847378764717
16.385904777828866
13.047951220736204
13.42552191716453
13.706463059820724
14.042361122720202
10.944695611177059
12.61571366507369
13.929095867421857
14.070351758793972
16.178923808166584
11.000915343337729
15.931270331136876
14.721098278052104
15.428604969017014
12.166777146597079
17.82605784681307
12.516906224010619
14.581290695628129
11.573977003010912
12.97994389314575
14.165255728965853
14.717934137244738
15.74025234638602
16.088621490040975
11.808167878409607
12.08226005386674
13.30621877432151
10.706638115631693
12.37137531241902
15.045638436590991
16.12741493415335
12.512806731722064
16.44281507705472
12.759277757724817
14.219125986504451
16.311439756415833
13.694141763771853
13.420454450138818
12.403807209396517
13.412466887972371
14.31333651407478
14.646587934241872
13.929329630033651
13.255033557046977
11.656575482615771
12.854226352004165
12.621935419156921
11.437894754547825
12.514600367094944
15.812194632220065
12.136227056253503
14.476139473001583
10.500672043010754
12.548319451579488
13.976122720460705
10.766073411163074
14.885582850462967
12.554192263269782
14.88070216737007
12.790306294177043
15.02617058042758
13.95779029681325
11.986086081890951
16.9813372593962
18.144722979413682
15.300417819101982
12.958163643095153
12.705736807349266
12.985816137599382
14.69797755828798
11.525874325904613
13.400758533501895
14.29640655616385
12.675335140897683
12.576190755661383
11.015531057911423
12.710730532512711
11.545397852724546
12.653772667851038
12.965909760635833
12.637781106935716
12.13135327337377
12.579038290592557
12.331490600384205
12.536774538646696
11.399736800194468
12.392507556917613
14.269025367156207
12.077699869158252
12.658970683165249
12.271588750483298
13.821757960076063
11.865590628707995
14.853479238696252
13.242035921117694
11.980291576673869
13.861518420788942
14.52687471822872
11.82657708663597
13.634234475374733
12.161572784916295
11.70676232763883
11.80528809926489
16.395088165423093
13.111632607043536
13.738450068273398
17.122137917142283
14.02253681965506
