12.839693633744947
13.714209258763717
12.232723372880217
12.28535529805947
12.21873204153253
10.806956560491102
18.035926672511128
16.643844004319607
12.129613585167217
17.035204226964773
13.649633409845563
11.106274207771046
15.308887535548466
13.850028761148431
13.843148199832543
11.919151222132692
13.695045845001031
13.578984426078355
11.30348169619375
12.974935542970425
13.927966125396445
13.16986333476565
13.482645272717143
10.74155920445327
11.390475552354312
14.865293714820197
13.906503793694238
11.756905092244342
16.287099167238388
10.853875504929002
11.704380782521461
15.311453973434071
17.602005291742103
13.71566205946799
14.647755035864634
12.731558698601194
14.81597005614473
13.079243518817416
14.912452176827056
15.309161558973674
15.546293407034277
10.897812054656718
14.412683161181839
12.425475009750933
14.501321851261057
11.794759996198842
12.563233086886434
11.771728882020497
13.40916963717022
13.51607966667784
14.036382751466553
11.874156346792576
13.873875881743313
12.617803385591138
15.213123556291352
13.138629240130719
17.170061656130493
15.257192676547517
14.643163368707059
14.56611397286573
15.430035650623887
15.93918587542913
12.503907471084712
13.357153590569848
14.841845075687832
11.150633913537986
14.946932811306128
12.199333771543799
12.496861837150268
13.105063573499889
15.526654089520342
15.029976453036893
11.954505843183696
11.175979983319433
11.071286785468656
14.63180350939898
14.112239718424565
14.047762392133254
10.93774414607469
14.01389106014248
14.700805203194085
12.397940378193027
15.32323671336075
14.93843469730161
15.895679721574623
18.10403413585267
16.0060678054956
14.97114702448453
12.45058847176006
11.006877901876756
13.419081822990616
13.683619150391875
16.245236306990456
13.068099317554815
13.10148353394399
13.483696984555039
13.780021757929093
10.81273896710475
12.49219237976265
13.981790116552201
13.915978785118288
15.855912189511649
10.864877882132875
15.539799152273321
14.649117432449744
15.375273663158948
11.929449015541728
17.92563644359827
12.344230887388218
14.643252366953197
11.473088611420481
12.730033946757192
14.003180005021058
14.27392555255704
15.744338737773012
15.851398718492554
11.712867421495902
11.955470044596685
13.296535079388136
10.691056455494978
12.160631906597422
14.989913849788806
15.911341559756542
12.358943811342392
16.113294862144908
12.537752566060023
14.17189278460955
16.434815066547074
13.371441942870511
13.451095263769306
12.313340945216828
13.137532147986507
14.190001335529539
14.376062184827125
13.617135267264182
13.271844172935474
11.61395007668541
12.699158610812747
12.500279024085359
11.349601094902694
12.342989907790603
15.78979556662571
11.997366159615193
14.002320703351632
10.505845273487271
12.361561695939143
13.48847882420762
10.760763565848029
14.560750687591007
12.42166517457475
14.889167712254284
12.699190705083577
14.950101247887185
13.812385476945014
11.873240614286908
16.902351267676345
17.840019624021586
14.873326054502106
12.897606405252844
12.573133727850331
12.749039628264844
14.424228248096728
11.385644042350131
13.165087971795474
14.362035050071533
12.65011563431692
12.378860029664652
10.980252267115537
12.680643305234817
11.488996218670177
12.453369669622713
12.801104234382652
12.447322151209846
11.980607092071528
12.498465590161922
12.217470983506413
12.325711098717234
11.330148240757277
12.239765264775743
14.22649699011956
11.885033227874587
12.566953937924835
12.126943509581954
13.619947641348825
11.704290266398608
14.55490433356941
12.989776150323065
11.81543285922276
13.642412869528416
14.06579232663772
11.702358861193305
13.39270767067332
12.05215906618086
11.558240690590923
11.629783374417814
16.033849237278698
13.082784955915487
13.757916371920482
17.133321799501076
14.037276768306947
