12.346023854082288
13.657089980712843
11.95985066952809
11.912351934498844
12.083683685913321
10.541051539607027
18.06291916843672
16.65088823300106
11.953103617768793
16.967916729253243
13.51366381563581
10.973707664884133
15.252388056378171
13.37591332408166
13.773874250662205
11.481760164980633
13.224191901437921
13.394277295025699
11.142371653806512
12.885735323649511
13.79125511588563
12.960966262381357
13.110327590823884
10.605696933837194
11.229614896838386
14.187632835189783
13.779791127376592
11.611484204473772
16.215764397759884
10.685015803753743
11.497909724664137
15.259068805544688
17.63972666770539
13.510646612847399
14.574583483992992
12.625275130442557
14.791330605774759
12.676111393422941
14.56822786717795
15.111130937113158
15.13583297163144
10.7448460926061
14.1587790004125
11.86913856801351
14.339517366438834
11.672000044677512
12.327842515995517
11.371364229255622
13.019601733721323
13.06649393580666
13.972778133437249
11.572206675160368
13.716885709347
12.252103741903868
14.851457508640085
12.882932623935481
17.053244017432206
15.193339418089534
14.563350575001257
14.303673697443777
15.127832979792341
15.398898172701143
12.275415690213148
13.249772182187165
14.532608938672388
11.018205207080735
14.925706874769405
12.016946689470918
12.346644617756823
12.897606405252844
15.034244668411384
14.615642084123623
11.806177260519247
10.989996860000895
10.90848064443947
14.36749480086764
13.790802424512037
14.024386850467758
10.76366232216255
13.978350331007336
14.357541899441344
12.224051798721778
15.255402256458398
14.679615985711091
15.758327605572413
18.120184212580426
15.98600806541452
14.466768325038677
12.284051950372431
10.819251575483802
13.355444012865744
13.446334618453282
15.961691939345569
12.56730489957327
13.017996122536776
13.406547981476619
13.614931785843819
10.652194632415188
12.292425630824932
13.552175877126938
13.816694801468579
15.554960861711377
10.731592803125576
15.46017748507004
14.481732887512164
15.235565278537388
11.81756357514744
17.527603183995176
12.100230240492074
14.253500737730018
11.265531933879137
12.46043533645957
13.892763488255314
14.23237278770323
15.34563960625879
15.748206763381804
11.415141849924456
11.767936296238183
12.772033151513126
10.453935599284437
12.058079750799687
14.767756136977905
15.870806069887232
12.01473061856304
16.114642578342814
12.440100636509186
13.727984999665171
16.359508547008545
13.277100905966885
12.881280321195561
12.000781446233708
12.894222718392408
14.142066523390087
14.075730769658733
13.321888029252417
12.675049695128763
11.251427419896556
12.478805616022111
12.116136236739253
11.1980201900304
12.200923464390653
15.11669418537195
11.715677249828449
13.925947382200413
10.321472009283745
12.222346244000443
13.437937360253816
10.470037870349742
14.449980194042588
12.2894729491942
14.68118472711904
12.466399158518056
14.758955622883617
13.677152483570737
11.489380688916649
16.472164833324026
17.855050468416085
14.655566328975674
12.548176032983779
12.489684858487411
12.580655983359987
14.3079038642475
11.240542006632477
13.056797067242503
14.032430506058448
12.235525485091095
12.2104887540841
10.700040335230586
12.323273061325088
11.095932420753297
12.307210347007391
12.595370922527325
12.25114854517611
11.850924316196075
12.001585325689533
11.854038760470136
12.183046095305912
11.095437489197282
12.013723583777562
14.105001421650337
11.706794958273637
12.234456678901124
11.851719337869037
13.521709856380523
11.508637064515407
14.497925681402506
12.91335251782544
11.696492723110598
13.273398547734038
13.97713541115609
11.554627712127894
13.283622075370602
11.74604058229187
11.345789482509039
11.511338109234776
16.03947492996653
12.765671541510827
13.215513669096978
16.670649099507106
13.436064403907052
