1500.6324277553526
3069.7923284690014
2266.694481772636
1490.2063637772771
2200.0174647540302
2927.307826197047
1365.615176540935
1508.5859475895973
2161.478012338548
1399.6158619794098
2102.6945074342766
2125.9053248011
1329.7923996643908
1386.8402327855379
2794.9234156918587
1887.308252341124
1391.714767239808
1352.5376031181274
2312.0450492965792
2903.5009750963695
2238.72871448629
1400.9221227093958
1491.6245282737675
2832.7110137018262
2979.92107309964
1480.26509392567
1175.913170071137
2313.3076598243324
1460.1065396797644
2947.40653788906
2201.654040459977
2174.539611322649
1452.6547350733656
1472.8790661682197
1390.1574679150515
2197.398026814733
1480.6174832957136
1486.284830508726
1488.4955696296338
1503.447599910409
1349.889603328462
3031.053090803347
1338.302240651832
1497.4208901762222
2219.7252676199782
3106.1890185615134
2194.5938453080535
1496.010737766656
1500.034170778402
1460.8057231503735
2105.0597982787604
1896.3602499871304
2236.722325289201
1284.186990882017
1455.9113391787719
2214.3471754881434
1351.5280025789907
1331.8846128425287
2199.599619866777
1458.7569759045746
1446.2905539871363
1404.8904980017642
1383.1927170538945
2246.2974443587873
1461.704527928425
3058.3761704641643
1979.059750684927
1416.3921952816252
2830.432614764346
2811.9898383868863
1457.3364247305828
1346.2996952874846
2857.9581834164173
3090.4841804131456
2285.9866805855795
1414.4355674344931
1408.2173624917255
3057.0864419700492
2158.8003994899573
3043.45043733896
1494.6634779210876
1947.4446883363455
1414.7992512636408
1456.7674772993025
1485.6741955541013
1432.2989685829798
2212.613652146544
1464.3967758600095
2843.595936126472
2311.698394598174
2188.000939530547
1373.5907293192015
1455.8674287585532
1418.634312458027
3032.3997861955204
2104.967399221002
1424.314692811571
2168.280805906626
2225.0039796819046
1459.6037042826974
2235.624641444265
1453.5546947514185
2266.8081412173233
1428.6318226280605
1204.3703966247674
1500.3032052765893
2135.846730985831
1432.644633903123
2853.83567282826
1425.2118569041563
3054.5698911045665
1976.8000569787102
2236.330803252981
2221.5602207850065
1466.9926650366453
1501.0146859276856
1292.1896941839289
2177.907398099824
1463.0620889958568
2185.815885755762
2813.7678132445894
1444.0182985998804
1096.9771315092848
1395.4751732512775
1296.798117748672
2976.633972918563
1477.6258717963074
1483.7756982677838
2074.4712115257607
1415.673665968229
1338.7669502055874
2160.0241391005475
2210.7411174017802
2063.2231224172388
2159.11285889379
1465.293573578676
2057.3786701453596
1401.4100202833843
2095.363794660837
2943.1777155478353
1413.700463148221
1441.4498991697258
1335.4700854700864
2159.335725273926
2790.0601703755233
2173.6422245264034
2227.185376871893
2912.48865768759
1431.1661689154992
2169.5641702741677
1463.607485956263
1502.0283390690722
1477.2005609550863
2242.033535353296
1351.0561554626795
1447.5216391194083
1462.2320094284712
1480.2648817175595
1445.431262726012
2175.2583930785177
2110.819084402471
2104.309160975825
2971.2190540565643
2881.791127944256
1446.8934935685002
1497.9603947495805
2142.4974518241347
2129.6503107110875
1488.8944240728683
2056.6602157637794
2094.315738798519
2113.1635866247884
1309.001462000247
2932.4453753911494
1453.1435522317336
1183.169628913757
3046.3052061650947
3041.7268063119604
2135.476729363614
1283.056037031214
2100.2958365417776
1471.5233680794104
2218.508618017038
2105.0484792249404
2206.2938442534314
2207.67349551708
2988.773295181928
3032.1704622702646
1489.8391752055811
3075.378471876312
3020.641285698631
2213.463832524876
2177.942485335327
2145.970560282372
2175.7627439364333
2234.994218409545
1481.8986601683403
NaN
1446.695528931382
1358.6779158093814
