5383.160938716542
6636.430942908398
6001.451590770463
4703.320631464435
5051.205170913994
5145.3214541704265
4588.019666189473
5344.906995673383
5745.340954067135
4634.800816199701
5239.878460225269
4836.431558989388
5712.64423770974
4555.167635230257
5411.851113088014
5157.163638422146
4558.145639536677
5581.6483056641155
5326.513830447232
5280.695089162754
5831.3734835299465
5498.46805839695
5173.0910516359745
4902.271484823895
5717.772783112778
5839.1962794485635
5284.966253961777
4846.915402645046
4580.553861286293
5900.522553853492
5380.025432847443
4504.936054197955
5246.706499238429
4284.599059930257
5160.890989869146
4991.401863401691
5059.634755942915
4864.27076541113
5522.550414191293
5911.642923738943
6017.139450035308
5740.476202073087
5932.900908162112
5299.353005933149
5485.276188944869
6369.989243404481
4807.228247197138
4710.391790405652
5307.981749608766
4890.461147448444
4961.290836705612
4998.882068191974
5289.014681246809
5608.489007694347
4959.6446011937505
5007.808913771332
4630.858737948805
5762.995431659241
4870.694336396845
4874.6523043456245
4822.5994439135675
4958.410817039569
5192.476399129385
4709.005781304746
5219.876949416714
6142.114670392802
4949.028328178594
4679.973707056711
5184.147192077408
5726.931878345547
5302.066051574273
4385.220831304975
6174.832383990762
5917.303081261625
4835.771677100826
4796.703222520871
4368.518192745562
5968.928845247938
4683.322263662581
5866.604089556326
5467.1310788765495
5378.710087526286
5597.786329951382
5223.590062384766
5384.809090357798
5415.002833702519
5692.5530896259625
5128.657241240124
5296.9856106904745
5291.120665770471
6434.266259672631
5258.356005725514
5469.898155920962
4451.790481652256
5564.735073887295
4912.068350124191
5408.689103745031
4692.990487782326
4969.6519120689945
5226.383162303881
4878.780181029559
4834.966863960861
4620.901835739574
5534.6785346641145
5721.531937286574
5684.853050296463
4371.863188162453
5288.409663165122
6364.053319798446
4920.059536786599
5895.941345508012
5108.090833666763
4966.880838568412
5532.708949717783
5832.268207987842
5673.72960036311
5000.300018001109
5362.002077816494
4829.9585162447365
5213.874421464604
5198.711603760595
4618.974554056463
5486.341256647134
5333.956284569361
5382.215593942183
5166.8190946104305
5404.687733140221
5746.915498784554
4938.903518519779
4541.345441019028
4776.472910293002
6122.270770467697
5938.404269794436
4821.410569408695
4904.032116449021
5095.236139490852
5267.142394121766
4320.532818856882
4539.12519595032
5920.3436839425485
4519.136962444842
5263.300981431593
5053.961269782261
6396.8804846493085
4940.075742384421
5742.840718468353
5221.123629953228
5638.898194710709
5766.34584670813
5417.85028536399
5036.5242355187675
4740.672144946973
5034.663449808007
5175.611492081744
5165.6418559749945
5002.005256814853
5824.889922780555
5261.072106096114
4450.781638178948
5341.839193559798
5267.373025291091
5842.9742622500235
5348.604113783916
5299.818291944324
5043.462279334299
5130.520778815487
5929.7643103821265
4986.247435070211
4845.754257802766
5439.882131691025
5287.025861377736
5534.610416858149
4775.774241810273
6296.714980177171
4482.25651220557
5081.562010007285
6132.931544657353
6264.907848728213
5734.870219570931
5661.274432116174
5108.074472630041
4520.106048079962
4656.760497850696
5430.809399477806
4770.010877929499
5944.294852219515
5213.986307123968
5787.147749229974
5070.16776975638
6526.310991964686
6054.173848353971
5693.073714071195
5621.266393286735
5173.579757863835
4544.992325160738
5138.358732409052
4880.380798531176
4451.201878461263
5064.809799183848
4362.12512161078
