4728.209445528828
5344.401565840253
4876.21806341462
3887.92274592425
4256.663282731971
4164.222475320836
4935.64635070872
5329.705460145487
4631.647229647359
4948.118876557356
4838.416250885429
4121.465579069439
5504.382162207098
4246.7931267286585
4654.758579934341
4227.513961635854
4742.045291891155
4952.947003467063
4386.205384067108
4697.3757431900885
5192.3799341154745
4573.596984053642
4519.5398447042035
4132.601160424989
4648.403689043714
5678.175017078202
4905.454062206511
4230.38686887916
4825.032267403286
4660.090004144828
4458.392056136115
4730.810213983801
5524.227989138515
4193.455345837329
4845.994811625123
4152.039756585327
4458.041470930782
4399.9005035832815
5446.220619164706
5217.854499900407
5531.246106293857
4559.079977660507
5246.443498909412
4334.780832952456
5014.86293933821
5104.478125369315
4294.62563390464
3971.8604718515057
5119.880119880119
4493.750230448732
4563.2352755563
4371.450220515377
4836.254321028363
4640.799595936021
5203.966819692588
4414.34026548249
4979.934552593455
5002.126991390254
4709.871891484552
4364.487971045349
5113.585832110913
5113.837966863904
4451.2708254560275
4473.221718996075
4461.18252461432
4646.679815049556
4418.380092988494
4146.37776690978
4318.7581719359305
5285.524482369472
5372.80487857296
4266.899291694719
5027.272955785138
4740.348380920527
4273.316970546983
4282.41766964989
4242.774198952744
5170.853459705227
4089.4725326091775
5121.642331105528
5436.431265568578
4448.769637147227
4990.27109488459
4497.751124437785
5023.012385263481
5545.431765241412
4892.299093151209
5323.48308782658
4432.538919853936
4417.467547659882
4926.392360947331
4534.316481281934
5165.533445052114
3762.153120903014
4860.321749073427
4596.728967666609
4879.291214641
3636.2066183505676
4298.73330658566
4580.411995335613
4689.836591170956
5075.092213467955
3983.9280849904653
5110.3275275568885
5129.869485860539
5109.748511508044
4097.4128025028795
5151.558861711556
5585.712762338083
4491.27457631686
4768.23286963884
5187.720881013641
4665.817073220048
4972.022429787584
5188.952314430662
5183.860838128872
3931.589311353678
4451.644016866786
4454.4339956311005
4144.670888666369
4678.5858319321005
4201.029349889082
5439.873399309976
4589.323728728646
5215.135494518949
4705.358797201547
5203.0234997982725
5582.983067609921
4723.073599970782
4359.113453192805
4388.220216643057
5515.117488547852
5211.118961627986
4962.962623112357
4981.476435225351
4672.368825581403
4201.493105612407
4182.233870518036
3870.2549334309606
4717.987114908686
4231.071011005015
5422.435234016454
4387.61668318117
5051.074965475364
3912.4489101582767
4946.601437482382
4657.0611069186325
4364.448944676247
5109.220699452314
4344.985078849691
4827.874214565212
4260.145092531325
4865.512802933459
4807.272091600378
4216.099555602026
4943.555352278103
5833.3208916349295
5052.266301157427
3737.636139400549
4922.249783174894
4468.531959578935
5301.745380681456
4372.945663602204
4686.635901505656
4505.586927790461
4541.188580424452
4658.901830282864
4113.128867412269
4268.818313254886
4392.299712963211
4367.615494543482
4585.474930313828
4268.817897920234
5281.969118087222
3899.953467397317
4537.6746407674245
5096.378173911071
4936.953498313204
4666.787573141461
4991.447985784357
4342.04079212003
3746.9802297490496
4310.1860379443715
4921.537567080558
4184.224914176898
5124.3517112772515
4565.094133762736
4858.262402702255
5035.277151724985
5188.269323060562
4684.667356395115
4912.095908031895
4649.469091110692
4391.448873166417
4031.53186265501
4951.492361112762
4397.917567237394
4308.349207878499
5033.411965236184
4269.903443250131
