6139.353263238267
6362.963322094801
6229.705570509627
4179.52694472082
5213.341643470841
4983.952525157418
4172.248860389338
3468.580818066396
5477.267790954349
2686.244373155924
5242.24037724491
4576.950985618417
3619.008294105483
3484.1786635027684
4771.7232006249205
4831.477361714624
3492.3822412363033
4994.710270848394
5024.602224947876
4601.260805520783
6170.485687384531
4859.949442301561
5587.6788998783295
4879.667380027297
5887.230632797625
6659.472989211227
4200.670796816367
4762.156461891071
2760.2235464158025
6140.642075121407
5163.890053126744
3876.884553076104
4020.112206402772
3006.174756270711
5099.9669211317105
4267.099880106231
4565.857072958574
5731.170648640932
5896.964047883164
5114.871304985
6628.184447485248
5404.721217398853
6209.411360648309
4806.029660068759
5070.944408791841
5718.0539896615555
5081.781476661611
4498.844605717383
5853.496254821686
5158.594460763421
3744.0109864258384
5241.001326255785
5005.616607684754
5739.73483372803
5362.038620077905
5475.982258686535
2702.076137807382
4629.519593865857
3981.797988160962
4563.540434900334
5560.1495467542345
5808.485092227505
5161.958005746527
4078.479340811259
4900.158821231965
5508.361774362493
4677.684313607018
4289.789299124913
5017.756018266601
6368.163390329337
6201.016937342245
3354.8487511779927
5956.401775677087
6177.511071106833
5068.642247897324
3031.964685941961
3330.2600167689466
5202.554456164135
5058.83313717541
4878.208360715381
6426.336038411367
4642.041251943545
4697.629727752576
4379.296667541945
5144.568351044931
3569.5903700914714
4982.511772304641
6263.76725677776
5028.776456564912
5432.143483089044
6116.587682232882
5533.200718180688
5461.449329627945
3880.0543041372443
5449.364237328183
4231.016240148063
5285.086725224074
4947.325948404219
4495.04152239
5005.442725806835
4125.311891712253
5946.375820078968
4559.495966478325
5055.68041513747
4573.131696960784
4313.435108862968
4362.397956975624
5594.237609078262
6501.964247225814
4736.157984956536
6230.451064605051
6287.846824608763
4247.334181892463
5922.638510534418
5627.675662659798
4747.938808037879
5266.863584565203
4824.427214584655
5568.859644747639
5896.768349916267
5192.0001661440065
4451.864199790333
4094.7276657119864
5876.128247841986
3634.273777141642
4878.1682975994645
5601.717453773311
3736.2962877976197
4998.4913758952225
4181.638451986222
5163.287788353247
6229.269563173011
4385.725898098135
5559.451450262879
5851.39479528063
5725.534858475462
4623.017703268421
4643.563864901562
5380.25864405543
6012.785322475039
4316.190544514649
6445.497623467201
5681.306185980891
5639.533090182619
5967.82282021874
5090.247267175981
6595.666716478969
5241.746369202308
5166.53497522282
4331.847354981744
4173.646238270193
4351.908573158967
4500.772304397607
4426.566260843985
6024.248639437297
6049.504797053385
4082.192965863002
5962.151125507759
3487.728908816401
4125.976743876159
5389.45074210612
5165.698004379164
5325.877105385814
4660.854563044859
3253.1842936523612
5215.774422939799
5588.882970969781
6124.03631797346
3687.5592426911057
5087.6627114437515
5018.836454223458
5168.572260890161
4955.337595402739
6069.309089251142
4417.612360874264
5870.333749661625
5827.205611572847
6535.559521970858
5440.71636578767
4058.8363264215777
5427.660534296294
3685.67950095254
5308.453835235392
4557.996315724726
5032.223141432282
5383.355203759906
5054.549453419763
5396.682421206693
5855.082193620501
6188.416219932361
6103.4870918231645
4946.417394332309
5996.535339411695
5504.212687466769
4118.943604426452
3508.758668179296
3366.7913224400004
4011.9881112250496
6016.597682144671
3933.548697253055
