2389.7579467962264
2569.2299136050574
3085.4225368282596
1642.0567708756555
2943.9297045661415
3791.808480303829
1779.5693702866674
2169.7880414897522
3013.7916333146363
1689.3150390621615
2295.8079805578973
2814.2935806118053
NaN
NaN
NaN
2352.4680808283906
NaN
2188.6989206309677
NaN
2822.9461930630764
NaN
NaN
NaN
2941.7929492577487
3229.778558307596
2001.1715950065309
NaN
NaN
1638.709757970372
NaN
NaN
NaN
NaN
NaN
NaN
NaN
NaN
NaN
NaN
NaN
NaN
2951.1781237214345
NaN
NaN
2248.6169465630046
3792.337489031392
2829.0366518796814
2280.8267997148964
NaN
2519.641763906987
NaN
NaN
NaN
2331.958245060276
NaN
NaN
1587.6558223372163
2254.709152902805
2202.67338101733
NaN
NaN
1866.6684702110817
2240.137426536019
NaN
NaN
3646.2739247659083
NaN
NaN
NaN
3151.229522829339
NaN
1660.7034220333255
3142.7763286086933
NaN
2883.784876212948
NaN
NaN
NaN
2922.3595952919272
3013.5195314211446
NaN
NaN
NaN
1730.3927423601383
NaN
NaN
2156.381987333295
NaN
NaN
3596.510949452128
NaN
NaN
NaN
NaN
NaN
NaN
NaN
NaN
NaN
NaN
NaN
NaN
2944.6078266930567
NaN
NaN
NaN
NaN
1765.659920968884
NaN
NaN
NaN
NaN
2798.7215439987026
NaN
1853.7165135514738
2484.4624666923214
2977.6840534688204
2249.513119078337
1783.5666410343058
NaN
NaN
NaN
NaN
NaN
NaN
NaN
1739.3104562712413
1755.437294919317
2393.819158931638
NaN
NaN
NaN
NaN
2400.7892048877156
NaN
1888.0651966076612
2281.5482528683247
NaN
NaN
NaN
NaN
NaN
2362.458243550546
3162.7417671782837
NaN
NaN
3096.1395562789708
NaN
NaN
NaN
NaN
NaN
NaN
2967.749466547034
NaN
1807.191307081233
1711.5335970269657
NaN
NaN
NaN
NaN
NaN
NaN
NaN
1644.5841881832744
NaN
NaN
3888.631197830024
NaN
NaN
NaN
2178.7441718593404
1506.5386529205527
NaN
NaN
NaN
NaN
3846.529129316337
1683.67818702989
NaN
2242.3409602094634
NaN
2199.473323394671
NaN
2871.9173174484986
2827.192237437609
2863.9329908690556
NaN
NaN
NaN
3377.7661793905336
2954.6436868550422
NaN
NaN
NaN
NaN
1712.8119545277837
NaN
1865.4442733253595
1762.6431986184666
