5055.629590538037
NaN
NaN
3322.301394246497
NaN
3495.7153817667117
NaN
3102.9358277934057
3007.254422977275
NaN
2728.476309689617
2153.3508831430313
NaN
NaN
NaN
NaN
NaN
3176.348703820532
NaN
2264.6693312560146
NaN
2265.3994478747395
NaN
1521.4962159711515
NaN
5488.998385553457
NaN
2061.457206279103
NaN
3349.596012249951
3076.7533201579295
NaN
3214.4152017080073
NaN
2677.0921685429985
2479.925499070128
3441.1068893827505
NaN
4415.099804349945
NaN
4914.658249667327
3082.11024047878
NaN
5114.996320937196
3119.41124053994
NaN
2301.9780897725427
3517.031621228047
NaN
3237.69876824241
NaN
3216.3453137250494
2291.165474219181
NaN
NaN
2971.912199376544
NaN
3156.6040892453143
NaN
2236.6833835830494
3100.4046615623593
4542.498215613521
NaN
2401.4793625188718
3309.38181378077
NaN
4059.281279893705
1384.0465882533235
NaN
4389.727535882887
NaN
3030.1346894869475
NaN
4304.868902392359
2407.4353275327917
NaN
NaN
NaN
NaN
NaN
NaN
NaN
NaN
2853.0279449832306
NaN
NaN
2742.927183723048
NaN
NaN
3179.613817140211
NaN
3132.642094088129
NaN
2321.3486318386367
NaN
NaN
NaN
2330.503307417775
NaN
NaN
1847.9454624479415
3148.967644031381
2409.812112304742
NaN
NaN
NaN
1502.1330289010396
NaN
4889.296302388184
3154.039263392291
NaN
4469.330593977474
NaN
NaN
4413.104713872474
NaN
NaN
NaN
4405.847712212737
3532.0542715321876
NaN
2656.3626195662227
NaN
3533.1434495212757
NaN
2221.3191101597586
4200.862146169691
NaN
2186.550865754876
NaN
NaN
NaN
3291.724435961611
NaN
2475.4256436826277
4770.078010863286
3450.9077917438053
2348.2258608074167
NaN
NaN
NaN
5245.356810151653
NaN
3093.6674961197823
NaN
2870.609702549729
NaN
NaN
NaN
NaN
NaN
NaN
NaN
2572.133953443965
NaN
4347.0179327541555
3600.226473193724
NaN
NaN
NaN
NaN
NaN
NaN
NaN
NaN
3346.038524512121
NaN
NaN
NaN
NaN
2232.176074048721
2989.300930625223
NaN
3461.731572902819
3488.7715230366275
NaN
2973.4253361411825
3749.629866906643
NaN
3059.2253541937807
2034.3688994362626
NaN
3170.7361144529395
NaN
1831.5708388803766
3111.2168518145727
NaN
2580.759630467479
3320.5587406359273
4101.113723466491
2613.863220231188
NaN
NaN
3056.125794770905
2455.746446685242
NaN
2471.049239408429
3300.2015909807396
NaN
3317.047743884889
